N = 7500
x = 0.2
M2 = 1.0
height= 200.0
width= 100.0
T = 0.15
steps = 10000000
init = "file"
initfile = "init.dat"
g = 0.005
amax = 3.863808e-01
dmax = 1.116582e-01
